
4 16
1 12
1 4
1 9
1 12
6 19
2 17
3 16
6 19
5 5
2 2
3 6
2 14
1 12
6 11
3 4
5 7
5 20
5 1
3 7
5 18
6 2
5 1
4 16
1 19
3 3
5 17
5 2
6 5
4 8
3 1
3 13
3 11
5 8
3 11
5 15
1 3
1 5
6 16
2 5
4 4
0 7
3 19
0 3
6 4
1 9
2 5
5 3
3 16
5 18
4 8
0 17
5 19
3 4
4 14
0 20
1 7
6 1
0 9
0 19
6 17
2 16
4 12
6 20
4 11
4 5
4 20
3 19
1 14
4 15
0 10
1 8
4 4
4 12
5 3
6 16
5 20
4 15
2 12
6 18
4 2
0 4
3 14
4 2
6 16
6 6
4 3
1 12
5 13
3 2
0 16
4 9
4 20
3 18
6 17
4 18
2 8
2 3
4 7
6 1
4 12
0 7
1 11
1 4
2 17
6 1
5 6
5 20
1 11
4 1
2 4
1 9
0 2
2 16
6 6
3 11
3 14
2 3
2 11
2 18
4 7
4 12
1 10
0 9
1 19
5 11
0 18
5 17
6 13
3 8
4 20
1 7
0 18
1 16
3 19
4 16
1 6
0 9
6 9
1 14
5 18
0 13
4 6
5 6
3 4
6 8
4 2
4 15
0 15
4 20
0 18
1 2
5 13
2 17
2 11
3 3
2 18
4 14
0 7
6 5
0 4
0 13
2 18
0 9
1 1
1 17
2 2
1 13
6 12
5 18
0 4
4 13
2 7
5 8
0 10
2 15
0 16
3 2
3 19
2 17
5 17
2 1
3 15
6 15
0 7
1 20
1 16
6 2
6 11
2 10
6 14
5 16
2 16
2 14
2 19
0 16
6 14
4 17
4 14
1 7
3 19
0 1
4 2
5 11
6 11
6 15
0 5
3 5
3 20
5 5
5 19
6 17
5 20
3 4
4 17
4 16
2 12
2 13
0 10
1 9
6 3
1 8
2 17
1 18
0 13
6 18
2 6
1 18
0 19
1 14
4 15
1 14
6 9
0 11
3 20
3 1
0 5
0 1
0 3
6 1
5 4
2 1
4 4
4 18
4 12
6 1
6 11
2 12
4 11
4 8
6 12
1 4
0 20
0 9
1 7
4 13
2 11
3 11
1 4
1 20
1 10
6 12
5 5
4 11
4 16
6 16
4 2
6 15
5 8
1 8
1 4
3 3
1 5
6 20
0 4
4 14
3 10
0 5
0 20
1 20
2 16
6 14
2 11
0 3
0 3
6 11
3 1
2 12
3 10
1 17
0 2
3 6
5 20
2 9
3 8
6 6
6 8
1 12
6 7
1 7
1 15
0 7
4 13
5 5
2 1
3 7
3 15
3 18
5 5
2 13
6 18
3 6
4 9
3 6
6 3
2 16
1 20
1 17
1 12
5 6
2 13
2 10
4 7
2 13
1 17
2 14
6 7
2 11
1 9
0 2
0 20
4 4
1 11
4 3
6 12
2 18
0 12
5 4
6 6
2 1
6 13
2 15
0 6
0 13
0 13
5 20
2 4
5 2
3 3
0 20
3 5
5 11
2 15
3 18
2 1
3 13
6 17
3 11
0 16
6 19
4 2
5 11
4 1
4 2
6 1
1 10
4 1
1 4
6 5
4 7
5 4
4 10
3 11
2 5
3 7
3 6
1 12
1 8
1 12
2 20
2 14
5 8
1 20
4 2
6 9
4 20
4 19
5 15
6 1
3 7
3 13
0 19
1 11
1 20
0 7
0 6
5 19
0 7
0 9
4 13
1 7
0 20
6 1
5 18
2 4
6 12
1 19
4 15
6 7
3 4
5 5
6 18
5 14
0 1
6 15
1 18
1 18
3 10
4 14
2 15
5 15
4 16
6 7
5 7
2 17
4 10
5 10
1 16
4 14
0 17
1 14
2 1
0 7
6 4
3 9
0 17
1 3
4 1
1 7
3 6
4 20
0 7
6 14
6 4
6 3
5 15
3 11
2 10
1 16
3 17
1 3
4 12
6 2
5 18
6 2
3 2
6 9
3 1
1 14
0 9
4 9
2 3
6 17
1 7
3 1
3 8
5 13
0 11
4 14
3 1
6 14
4 15
6 5
2 4
6 12
1 14
1 6
2 2
3 4
5 18
2 15
0 10
6 8
3 12
4 12
2 8
2 17
5 20
5 1
6 12
5 19
3 15
0 5
2 18
5 8
2 16
0 11
6 13
4 10
6 11
6 8
2 10
6 3
0 9
6 16
4 7
4 17
5 1
4 1
6 5
1 4
1 2
5 18
5 8
0 9
0 11
4 19
1 4
3 1
4 17
6 4
2 13
1 16
6 4
6 3
6 16
1 1
0 17
3 14
4 8
1 14
2 2
5 10
0 5
1 1
6 10
5 8
2 7
5 20
2 3
0 2
5 12
2 19
3 3
0 16
6 11
2 12
2 4
1 1
0 3
6 13
1 8
6 19
1 15
2 19
2 11
1 7
2 14
0 6
0 2
2 10
4 1
4 7
5 14
0 17
6 11
2 12
1 9
1 7
5 19
2 11
4 6
4 8
4 7
0 19
2 6
2 3
3 13
5 2
3 8
2 18
3 19
1 20
5 11
5 13
4 3
1 14
1 4
3 11
0 6
1 1
3 1
6 8
6 4
6 15
2 11
1 4
4 1
6 19
4 13
5 3
1 6
6 15
3 9
5 3
2 5
6 8
6 18
3 3
2 9
3 7
6 1
5 12
4 17
6 15
6 13
0 3
3 9
1 18
0 1
3 15
4 15
4 3
5 10
2 16
5 5
0 20
6 15
6 17
6 13
2 19
0 4
6 2
5 10
0 1
5 3
4 8
3 10
6 20
4 18
6 16
4 12
4 19
0 18
3 17
6 2
5 14
